
y = 8.0215869 + 0.3624854x
y = 0.5260000 + 0.3890909x
y = 22.1870313 + 3.7380664x